1101001
1110001
0001100
1011011
0101010
0100100
1101011
1110000
1110011
1101000
0111101
0110010
0100011
1011000
1100111
1010000
0100110
1100000
0111111
0111100
0011111
1100010
0011101
1110101
0010011
0010111
1100100
0001110
1000101
1111110
0111001
1011001
1001110
0001001
0110001
0111000
1001001
0010110
0000111
0110110
1110110
1111111
0101101
1010100
1010011
1000110
1000111
1010001
1001011
0100000
0110100
1000011
1000100
1101110
1011111
1110100
1011110
1011101
0100010
1010010
1000001
0011001
1000010
0101100
0010101
1100110
0101001
0001000
0000000
1101010
0010100
0111010
1101101
0001010
1011100
0110111
0101111
1111000
0111011
0010010
0110011
1010111
0001101
1110111
1111101
0101110
0000100
0000110
1001101
1011010
1110010
0101011
0100001
1100011
0110101
0011010
1101111
0011011
1100001
1101100
1100101
1001111
0001111
0000001
0010000
0110000
0010001
0011110
1010110
1111010
1111100
0001011
1000000
1111001
1001010
0100101
1010101
0111110
0011100
1111011
0000101
1001000
1001100
0011000
0000011
0100111
0101000
0000010
