000011001
011010000
000101110
011100011
000010100
011011111
000110010
011111101
000010001
011011000
000100110
011101011
000011100
011010111
000111010
011110101
001101001
011100000
001111110
011110011
001100100
011101111
001100010
011101101
001100001
011101000
001110110
011111011
001101100
011100111
001101010
011100101
010111001
001110000
010001110
001000011
010110100
001111111
010010010
001011101
010110001
001111000
010000110
001001011
010111100
001110111
010011010
001010101
011001001
001000000
011011110
001010011
011000100
001001111
011000010
001001101
011000001
001001000
011010110
001011011
011001100
001000111
011001010
001000101
001011001
010010000
001101110
010100011
001010100
010011111
001110010
010111101
001010001
010011000
001100110
010101011
001011100
010010111
001111010
010110101
000101001
010100000
000111110
010110011
000100100
010101111
000100010
010101101
000100001
010101000
000110110
010111011
000101100
010100111
000101010
010100101
011111001
000110000
011001110
000000011
011110100
000111111
011010010
000011101
011110001
000111000
011000110
000001011
011111100
000110111
011011010
000010101
010001001
000000000
010011110
000010011
010000100
000001111
010000010
000001101
010000001
000001000
010010110
000011011
010001100
000000111
010001010
000000101
110011001
101010000
110101110
101100011
010010100
001011111
010110010
001111101
110010001
101011000
110100110
101101011
010011100
001010111
010111010
001110101
111101001
101100000
111111110
101110011
011100100
001101111
011100010
001101101
111100001
101101000
111110110
101111011
011101100
001100111
011101010
001100101
100111001
111110000
100001110
111000011
000110100
011111111
000010010
011011101
100110001
111111000
100000110
111001011
000111100
011110111
000011010
011010101
101001001
111000000
101011110
111010011
001000100
011001111
001000010
011001101
101000001
111001000
101010110
111011011
001001100
011000111
001001010
011000101
111011001
100010000
111101110
100100011
011010100
000011111
011110010
000111101
111010001
100011000
111100110
100101011
011011100
000010111
011111010
000110101
110101001
100100000
110111110
100110011
010100100
000101111
010100010
000101101
110100001
100101000
110110110
100111011
010101100
000100111
010101010
000100101
101111001
110110000
101001110
110000011
001110100
010111111
001010010
010011101
101110001
110111000
101000110
110001011
001111100
010110111
001011010
010010101
100001001
110000000
100011110
110010011
000000100
010001111
000000010
010001101
100000001
110001000
100010110
110011011
000001100
010000111
000001010
010000101
100011001
111010000
100101110
111100011
100010100
111011111
100110010
111111101
100010001
111011000
100100110
111101011
100011100
111010111
100111010
111110101
101101001
111100000
101111110
111110011
101100100
111101111
101100010
111101101
101100001
111101000
101110110
111111011
101101100
111100111
101101010
111100101
110111001
101110000
110001110
101000011
110110100
101111111
110010010
101011101
110110001
101111000
110000110
101001011
110111100
101110111
110011010
101010101
111001001
101000000
111011110
101010011
111000100
101001111
111000010
101001101
111000001
101001000
111010110
101011011
111001100
101000111
111001010
101000101
101011001
110010000
101101110
110100011
101010100
110011111
101110010
110111101
101010001
110011000
101100110
110101011
101011100
110010111
101111010
110110101
100101001
110100000
100111110
110110011
100100100
110101111
100100010
110101101
100100001
110101000
100110110
110111011
100101100
110100111
100101010
110100101
111111001
100110000
111001110
100000011
111110100
100111111
111010010
100011101
111110001
100111000
111000110
100001011
111111100
100110111
111011010
100010101
110001001
100000000
110011110
100010011
110000100
100001111
110000010
100001101
110000001
100001000
110010110
100011011
110001100
100000111
110001010
100000101
010011001
001010000
010101110
001100011
110010100
101011111
110110010
101111101
010010001
001011000
010100110
001101011
110011100
101010111
110111010
101110101
011101001
001100000
011111110
001110011
111100100
101101111
111100010
101101101
011100001
001101000
011110110
001111011
111101100
101100111
111101010
101100101
000111001
011110000
000001110
011000011
100110100
111111111
100010010
111011101
000110001
011111000
000000110
011001011
100111100
111110111
100011010
111010101
001001001
011000000
001011110
011010011
101000100
111001111
101000010
111001101
001000001
011001000
001010110
011011011
101001100
111000111
101001010
111000101
011011001
000010000
011101110
000100011
111010100
100011111
111110010
100111101
011010001
000011000
011100110
000101011
111011100
100010111
111111010
100110101
010101001
000100000
010111110
000110011
110100100
100101111
110100010
100101101
010100001
000101000
010110110
000111011
110101100
100100111
110101010
100100101
001111001
010110000
001001110
010000011
101110100
110111111
101010010
110011101
001110001
010111000
001000110
010001011
101111100
110110111
101011010
110010101
000001001
010000000
000011110
010010011
100000100
110001111
100000010
110001101
000000001
010001000
000010110
010011011
100001100
110000111
100001010
110000101
